35 29 31 34 26 25 22 33 21 32 28 20 17 27 23 24 13 19 18 15 0 1 4 16 8 12 3 5 9 14 2 7 10 6 11
21 19 15 24 25 18 16 22 23 14 26 17 29 10 28 30 12 27 11 34 13 31 35 9 33 32 5 7 4 8 6 1 0 2 3
2 3 6 8 11 12 4 13 5 16 17 9 0 1 10 14 22 15 19 31 20 27 26 18 32 24 35 23 28 21 33 30 34 25 29
13 16 17 8 11 7 4 3 2 6 22 10 9 5 21 20 26 0 15 1 14 25 31 19 24 18 35 30 29 23 27 28 34 32 33
0 1 9 6 10 11 2 7 14 3 15 12 19 8 16 18 4 13 23 35 24 31 20 17 28 32 27 26 30 33 22 25 34 29 21
9 14 5 6 1 15 11 0 19 7 2 16 18 20 12 24 23 3 8 17 21 13 28 27 25 4 22 26 35 32 31 33 30 29 34
27 23 24 32 18 33 34 19 29 20 14 30 15 25 21 35 31 26 4 10 9 0 1 22 5 8 3 16 2 13 7 12 6 17 11
18 14 23 15 24 20 10 28 27 21 9 25 16 33 5 11 29 32 1 34 0 26 30 22 6 12 17 35 7 31 2 13 3 4 8
4 3 7 13 12 2 17 6 11 16 22 5 0 1 9 31 26 10 32 35 27 21 30 34 33 28 20 29 24 14 23 25 18 15 19
30 21 29 26 22 31 35 34 20 33 15 17 19 24 32 16 23 28 18 27 13 14 12 10 9 1 0 11 4 8 5 3 7 6 2
7 12 2 6 16 9 3 5 13 10 8 17 4 14 0 1 15 20 19 22 21 18 24 26 23 25 31 27 28 35 30 29 32 33 34
32 34 27 28 29 23 30 24 18 35 25 31 26 19 21 20 14 4 15 22 1 0 8 3 13 5 2 9 7 17 10 6 16 12 11
18 23 27 28 19 15 14 20 33 32 21 25 34 29 10 16 9 30 22 11 26 12 5 17 4 35 13 1 31 0 7 8 6 2 3
31 35 30 25 29 22 21 34 17 20 13 33 16 32 12 8 4 28 19 15 24 23 27 3 0 1 11 18 7 2 5 10 6 9 14
2 7 3 11 5 1 9 0 10 8 12 4 13 16 14 17 15 19 18 22 31 23 20 35 24 27 32 26 28 33 21 30 34 25 29
12 17 13 11 22 21 20 7 8 4 15 2 3 10 6 19 14 25 9 26 24 5 18 23 31 29 30 0 1 27 35 28 34 33 32
18 27 24 28 19 33 14 32 20 15 34 29 21 25 10 30 9 35 16 5 26 1 0 31 4 22 11 7 2 6 3 12 8 13 17
29 30 33 32 35 31 25 26 28 27 23 21 24 22 18 20 19 17 4 15 13 1 0 8 3 14 16 5 12 2 9 7 6 10 11
35 30 26 29 25 34 22 21 33 17 32 13 20 0 1 28 4 8 12 3 27 16 5 23 2 7 15 24 19 6 18 9 11 10 14
13 12 16 22 8 21 4 26 11 7 3 20 25 2 31 6 30 35 29 10 34 15 19 9 24 5 0 1 14 23 28 27 18 33 32
30 34 25 35 31 26 33 32 21 22 28 20 27 23 24 18 17 19 15 13 16 4 1 8 0 14 12 3 9 5 10 7 2 11 6
7 2 4 8 6 12 13 11 17 5 16 0 1 9 10 22 14 31 32 27 35 26 33 28 30 15 34 23 18 24 21 19 29 20 25
14 19 18 9 10 24 20 23 21 11 5 16 25 1 0 28 27 6 22 12 29 26 30 7 2 33 17 34 32 35 13 31 3 8 4
25 20 26 22 17 29 30 16 19 31 15 35 24 34 13 18 23 12 28 33 14 11 27 10 32 4 8 9 7 3 5 2 1 0 6
7 3 6 8 11 4 12 5 13 0 1 9 10 16 17 14 15 22 27 31 32 18 35 19 26 28 23 24 33 20 30 34 21 29 25
26 21 17 25 31 13 16 30 29 20 35 12 34 4 8 11 15 3 7 24 19 2 33 28 23 18 32 6 10 27 9 14 5 0 1
12 4 17 8 3 16 7 11 2 22 6 26 21 31 20 25 5 30 35 10 29 9 0 34 1 24 15 27 19 14 28 33 32 23 18
0 5 9 6 10 2 7 14 11 3 15 35 8 19 12 31 18 32 30 4 23 33 34 16 28 26 13 27 24 25 29 17 20 22 21
1 5 9 6 10 2 7 11 14 3 15 35 8 12 19 31 18 32 4 30 23 13 28 16 34 26 33 27 17 25 24 29 20 22 21
24 23 19 14 28 27 15 20 33 32 10 9 21 34 25 29 5 16 11 1 30 0 6 26 35 22 12 2 7 4 3 31 13 17 8
31 30 26 29 34 25 22 33 21 32 17 0 28 1 20 13 27 23 5 4 8 19 3 15 24 18 12 16 2 9 7 6 10 11 14
5 10 1 0 14 6 11 15 2 7 19 18 3 12 16 24 20 23 8 13 4 28 17 27 25 21 32 35 31 22 33 26 30 29 34
15 19 9 18 10 24 23 5 11 20 1 0 28 6 27 16 2 7 21 12 25 33 3 32 29 13 8 4 34 22 17 30 26 35 31
33 34 28 27 29 23 30 24 18 35 31 25 26 19 4 1 0 21 14 20 3 8 15 2 5 22 7 9 6 13 10 17 12 16 11
28 23 33 24 32 18 34 19 29 14 20 30 15 25 21 4 35 31 8 3 10 26 0 1 2 9 7 16 5 13 22 6 12 11 17
3 8 13 7 12 2 17 11 6 16 22 5 31 27 26 32 33 0 28 35 34 1 21 30 9 29 10 24 23 20 18 25 14 19 15
